o
80333.69
57235
98 73 4323.11
98 51 5166.30
98 76 153.06
98 47 1728.70
73 80 5780.24
73 51 8068.86
76 47 4290.03
76 79 2575.03
14 80 2890.02
14 51 8615.58
14 47 3932.16
79 51 7277.00
79 47 9367.33
80 51 5697.02
80 47 4533.46
51 47 7151.06
D
247114.97
391113
1 34 8872.63
1 37 7590.97
1 41 395.81
1 11 2529.25
1 49 4960.82
1 92 7887.26
1 31 4328.25
34 37 9901.55
34 41 4901.87
34 11 627.89
34 92 637.29
34 31 8319.88
37 41 6405.53
37 11 5572.35
37 49 5670.09
37 92 4156.09
41 49 8245.32
41 11 6645.02
11 49 4299.22
11 92 9758.53
11 31 8955.09
49 92 3913.55
92 31 4298.39
g
72803.99
611931
37 69 9420.81
37 39 2911.08
69 39 2881.18
i
257891.36
817840
1 25 7870.64
1 58 3201.24
1 67 6343.25
1 14 7714.64
1 22 4108.40
67 76 646.23
67 14 7116.37
67 22 6856.38
67 23 3952.71
67 25 9804.41
67 58 6605.92
76 14 7187.04
76 22 6416.48
76 23 8294.49
76 25 5458.44
76 58 7442.90
14 22 7672.76
14 23 3483.38
14 25 2810.37
14 58 1931.74
22 23 728.93
22 25 4526.96
23 58 4070.87
25 58 592.03
a
98059.61
285142
18 10 5522.79
18 66 5179.52
18 38 3561.33
18 55 9855.57
66 10 1354.11
66 38 5211.21
66 55 6229.86
10 38 9119.88
10 55 4508.29
38 55 3785.91
H
113245.07
185767
32 2 7589.50
32 5 3724.82
32 39 4525.35
2 5 5498.19
2 39 4846.25
5 76 9714.83
39 76 6266.39
39 30 2741.72
76 30 5289.60
z
67423.05
46609
40 24 7845.98
40 59 450.51
40 4 2000.90
40 23 4194.42
24 59 9176.24
24 4 1253.03
24 23 2935.95
59 4 8536.06
59 23 3243.27
4 23 969.48
J
78487.37
199731
1 48 3600.22
1 81 2389.11
1 45 9212.74
1 77 9681.62
1 39 8144.02
38 48 4446.28
38 45 9096.26
38 39 871.25
38 21 9881.41
38 77 5486.71
39 21 3512.58
39 45 6083.63
77 48 3140.17
77 45 7257.58
77 81 7640.53
45 48 2936.84
45 81 104.71
45 21 7867.07
48 81 8809.83
48 21 4284.73
I
166668.33
755422
97 7 7119.02
97 42 6577.95
97 75 8733.48
97 46 3241.62
97 23 2649.81
97 57 8383.32
97 27 2408.93
97 74 9001.43
7 42 4366.72
7 75 4108.57
7 46 1953.10
7 23 6422.06
7 57 5367.37
7 27 2965.34
7 74 3664.55
42 74 4479.01
42 75 4029.40
42 46 1552.91
42 23 7679.71
42 57 2492.14
42 27 7315.13
75 46 5782.16
75 23 5613.94
75 57 1782.52
75 27 9979.45
75 74 8841.78
46 23 2773.12
46 57 8813.44
46 27 5849.43
46 74 6004.75
23 57 9204.49
23 27 3198.92
23 74 1309.02
57 27 2758.45
57 74 8602.43
27 74 952.00
R
278819.57
344984
47 61 4886.25
47 54 5234.79
47 15 7808.45
61 54 4638.59
61 15 7090.36
54 15 6456.82
c
118213.92
999655
57 2 6320.05
57 15 6234.46
2 15 1910.44