E
21306.60
45264
32 13 4953.28
32 61 1630.49
99 28 6460.09
70 28 9070.67
13 28 6581.58
80 53 3660.46
53 61 3035.13
D
32943.13
681948
73 3 5005.90
73 70 9719.23
3 70 9233.98
C
45033.00
337505
3 35 2673.19
3 73 4377.60
3 44 1662.36
3 45 4137.21
3 51 108.82
3 41 7759.00
3 55 5198.21
3 62 8245.94
35 41 5642.42
35 45 6658.44
35 51 5541.89
35 55 716.52
35 62 1492.77
73 41 3808.67
73 44 7464.58
73 45 6809.07
73 51 6580.49
73 55 2966.11
73 62 4229.89
44 55 3639.57
44 51 2501.24
44 41 2147.78
44 62 7635.24
45 55 3950.29
45 51 5884.65
45 41 5163.10
45 62 5819.35
51 41 9218.53
51 55 7408.65
51 62 6345.40
41 55 6420.23
41 62 7755.66
55 62 8695.28
t
102974.91
11408
86 29 6972.60
86 54 2280.44
86 55 5433.46
74 59 1710.56
74 78 3661.66
78 59 3764.43
78 29 4018.11
78 55 2050.72
54 55 3931.64
55 59 9081.70